$pfuncs
 planet='Mars', ncoefs=64, spabnd=0.0,0.0,-1.0,
 DELTAP=1.1, 5.1 
 output='single.out', title='UV test',
 wavl=0.425, wavlmin=0.4, wavlmax=0.45,
 tauabs=0.0, 0.0,
 tauray=0.001357, 0.007527
 nmie=0.0,12584919.8105,
 wmie=0.7741,0.7741
 A=1.4,1.4
 B=0.3,0.3
 AMU1=1.4961,1.4961
 AMU2=0.0097517,0.0097517
 NMIEPTS=10,
 Rsurface= 1.14, 1.14,
 XLARGE=5,5,
 G= 115.0, 115.0,
 THETA_MIN=130.0, 130.0
 gr=0.185,
 F0=35.8899686062,
 hapke_b0=1.0, hapke_h=0.062, hapke_c=0.478, hapke_b=0.285,
$end
