$pfuncs
 planet='Mars', ncoefs=64, spabnd=0.0,0.0,-1.0,
 DELTAP=1.1, 5.1 
 output='single.out', title='UV test',
 wavl=0.675, wavlmin=0.65, wavlmax=0.7,
 tauabs=3.332E-6, 0.0,
 tauray=0.00020268, 0.00112397,
 nmie=0.0,2.0,
 wmie=0.96347,0.96347,
 A=1.4,1.4
 B=0.3,0.3
 AMU1=1.49914,1.49914,
 AMU2=0.0015648,0.0015648, 
 NMIEPTS=10,
 Rsurface= 1.14, 1.14,
 XLARGE=5,5,
 G= 70.0, 70.0,
 THETA_MIN=130.0, 130.0
 gr=0.69,
 F0=20.0,
 hapke_b0=0.55, hapke_h=0.017, hapke_c=0.0, hapke_b=0.11,
$end
