$pfuncs
 planet='Mars', ncoefs=64, spabnd=0.0,0.0,-1.0,
 DELTAP=1.1, 5.1 
 output='single.out', title='UV test',
 wavl=0.875, wavlmin=0.85, wavlmax=0.9,
 tauabs=0.0, 0.0,
 tauray=7.080929E-5, 0.00039267,
 nmie=0.0,2.0,
 wmie=0.97030,0.97030,
 A=1.4,1.4
 B=0.3,0.3
 AMU1=1.49729,1.49729,
 AMU2=0.001763,0.001763,
 NMIEPTS=10,
 Rsurface= 1.14, 1.14,
 XLARGE=5,5,
 G= 120.0, 120.0,
 THETA_MIN=125.0, 125.0
 gr=0.723,
 F0=20.0,
 hapke_b0=0.7, hapke_h=0.011, hapke_c=0.0, hapke_b=0.108,
$end
