$pfuncs
 planet='Mars', ncoefs=64, spabnd=0.0,0.0,-1.0,
 DELTAP=1.1, 5.1 
 output='single.out', title='UV test',
 wavl=0.88, wavlmin=0.90, wavlmax=0.86,
 tauabs=4.25E-5, 0.0, 0.0, 0.0, 0.0,
 tauray=0.0029, 0.0161
 nmie=0.0,2.0,
 wmie=0.970,0.970
 A=1.4,1.4
 B=0.3,0.3
 AMU1=1.497,1.497
 AMU2=0.001782,0.001782
 NMIEPTS=10,
 Rsurface= 1.14, 1.14,
 XLARGE=5,5,
 G= 115.0, 115.0,
 THETA_MIN=100.0, 100.0
 gr=0.7,
 F0=20.0,
 hapke_b0=1.0, hapke_h=0.06, hapke_c=0.65, hapke_b=0.25,
$end
