$pfuncs
 planet='Mars', ncoefs=64, spabnd=0.0,0.0,-1.0,
 DELTAP=1.1, 5.1 
 output='single.out', title='UV test',
 wavl=0.975, wavlmin=0.95, wavlmax=1.0,
 tauabs=0.0, 0.0,
 tauray=4.5752E-5,0.0002537,
 nmie=0.0,2.0,
 wmie=0.96814,0.96814,
 A=1.4,1.4
 B=0.3,0.3
 AMU1=1.4966,1.4966,
 AMU2= 0.0021637, 0.0021637,
 NMIEPTS=10,
 Rsurface= 1.14, 1.14,
 XLARGE=5,5,
 G= 120.0, 120.0,
 THETA_MIN=125.0, 125.0
 gr=0.72,
 F0=20.0,
 hapke_b0=0.755, hapke_h=0.005, hapke_c=0.0, hapke_b=0.11,
$end
